{
  "exact_match": 0.0,
  "f1_score": 0.23739664364314675,
  "precision": 0.2445549298374338,
  "recall": 0.24547147407663292,
  "bleu_scores": {
    "bleu1": 0.2830783078307831,
    "bleu2": 0.14506283632184735,
    "bleu3": 0.08896947332036947,
    "bleu4": 0.054070504303838175
  },
  "rouge_l_f1": 0.0,
  "bleurt_score": 0.0,
  "total_samples": 110
}