{
  "exact_match": 0.00909090909090909,
  "f1_score": 0.24300438694774193,
  "precision": 0.24679885644474436,
  "recall": 0.25629981646303485,
  "bleu_scores": {
    "bleu1": 0.27452745274527446,
    "bleu2": 0.143309333681196,
    "bleu3": 0.08912057715190617,
    "bleu4": 0.05785774497608971
  },
  "rouge_l_f1": 0.0,
  "bleurt_score": 0.0,
  "total_samples": 110
}