{
  "exact_match": 0.0036363636363636364,
  "f1_score": 0.2553476867935679,
  "precision": 0.26256264502546967,
  "recall": 0.26458948902547713,
  "bleu_scores": {
    "bleu1": 0.29500560683170884,
    "bleu2": 0.15565936073340367,
    "bleu3": 0.09632091342586627,
    "bleu4": 0.06350035363252629
  },
  "rouge_l_f1": 0.0,
  "bleurt_score": 0.0,
  "total_samples": 550
}