{
  "exact_match": 0.00909090909090909,
  "f1_score": 0.22600783978741643,
  "precision": 0.21990597378297608,
  "recall": 0.2504879362092756,
  "bleu_scores": {
    "bleu1": 0.24619085805934243,
    "bleu2": 0.11316019262250208,
    "bleu3": 0.06554239394856341,
    "bleu4": 0.04112280990355426
  },
  "rouge_l_f1": 0.0,
  "bleurt_score": 0.0,
  "total_samples": 110
}