{
  "exact_match": 0.0018181818181818182,
  "f1_score": 0.2540378079835706,
  "precision": 0.2568061847927676,
  "recall": 0.2669319330119848,
  "bleu_scores": {
    "bleu1": 0.2878761822871883,
    "bleu2": 0.15146536609507977,
    "bleu3": 0.09213633192379925,
    "bleu4": 0.05968197411419246
  },
  "rouge_l_f1": 0.0,
  "bleurt_score": 0.0,
  "total_samples": 550
}