{
  "exact_match": 0.0,
  "f1_score": 0.153114689746812,
  "precision": 0.15314969430294506,
  "recall": 0.16586194850900735,
  "bleu_scores": {
    "bleu1": 0.20461095100864551,
    "bleu2": 0.075043281274596,
    "bleu3": 0.03803664208516573,
    "bleu4": 0.024885057709011112
  },
  "rouge_l_f1": 0.0,
  "bleurt_score": 0.0,
  "total_samples": 20
}