{
  "exact_match": 0.0018181818181818182,
  "f1_score": 0.24410677203773296,
  "precision": 0.24857077522189983,
  "recall": 0.2542220106514513,
  "bleu_scores": {
    "bleu1": 0.29378481124568995,
    "bleu2": 0.14843117353553817,
    "bleu3": 0.08866008897199712,
    "bleu4": 0.057440396522309346
  },
  "rouge_l_f1": 0.0,
  "bleurt_score": 0.0,
  "total_samples": 550
}