{
  "exact_match": 0.006000857265323617,
  "f1_score": 0.2572770090610405,
  "precision": 0.26123505144000586,
  "recall": 0.2676615961210315,
  "bleu_scores": {
    "bleu1": 0.29224117318881004,
    "bleu2": 0.1556068233560081,
    "bleu3": 0.0963960730569377,
    "bleu4": 0.06372412241107589
  },
  "rouge_l_f1": 0.0,
  "bleurt_score": 0.0,
  "total_samples": 2333
}