{
  "exact_match": 0.0018181818181818182,
  "f1_score": 0.22313292154238995,
  "precision": 0.2273880580795311,
  "recall": 0.23432366904903296,
  "bleu_scores": {
    "bleu1": 0.28561335335158533,
    "bleu2": 0.13892698599970965,
    "bleu3": 0.08190227248105124,
    "bleu4": 0.05251451080995366
  },
  "rouge_l_f1": 0.0,
  "bleurt_score": 0.0,
  "total_samples": 550
}