{
  "exact_match": 0.0036363636363636364,
  "f1_score": 0.22506583105492403,
  "precision": 0.2310763781588537,
  "recall": 0.23328594855845552,
  "bleu_scores": {
    "bleu1": 0.28405405405405404,
    "bleu2": 0.14134362286954094,
    "bleu3": 0.08459246662508656,
    "bleu4": 0.054218045961462874
  },
  "rouge_l_f1": 0.0,
  "bleurt_score": 0.0,
  "total_samples": 550
}