{
  "exact_match": 0.006000857265323617,
  "f1_score": 0.24830568776378423,
  "precision": 0.25236480653497584,
  "recall": 0.258491272172623,
  "bleu_scores": {
    "bleu1": 0.28885290472192243,
    "bleu2": 0.1516524951912219,
    "bleu3": 0.09403786070612265,
    "bleu4": 0.062476647122717034
  },
  "rouge_l_f1": 0.0,
  "bleurt_score": 0.0,
  "total_samples": 2333
}