{
  "exact_match": 0.0036363636363636364,
  "f1_score": 0.25541514389624187,
  "precision": 0.2621221965421073,
  "recall": 0.2644373358479917,
  "bleu_scores": {
    "bleu1": 0.2933734939759037,
    "bleu2": 0.15606099870698456,
    "bleu3": 0.09722721447371999,
    "bleu4": 0.06433984474485352
  },
  "rouge_l_f1": 0.0,
  "bleurt_score": 0.0,
  "total_samples": 550
}