{
  "exact_match": 0.005454545454545455,
  "f1_score": 0.2699305329395022,
  "precision": 0.2819169964882558,
  "recall": 0.27265616296997286,
  "bleu_scores": {
    "bleu1": 0.31906255766746633,
    "bleu2": 0.17950651568523704,
    "bleu3": 0.11771880942085014,
    "bleu4": 0.08225293220860637
  },
  "rouge_l_f1": 0.0,
  "bleurt_score": 0.0,
  "total_samples": 550
}