{
  "exact_match": 0.008130081300813009,
  "f1_score": 0.27319213403152576,
  "precision": 0.2829381466232225,
  "recall": 0.27760124753918874,
  "bleu_scores": {
    "bleu1": 0.3226059488223198,
    "bleu2": 0.1802681889131062,
    "bleu3": 0.11635610975580522,
    "bleu4": 0.08014447158001053
  },
  "rouge_l_f1": 0.0,
  "bleurt_score": 0.0,
  "total_samples": 2337
}