{
  "exact_match": 0.00909090909090909,
  "f1_score": 0.27256240985861246,
  "precision": 0.28240781845398344,
  "recall": 0.27765524255946006,
  "bleu_scores": {
    "bleu1": 0.3209671465485418,
    "bleu2": 0.17997231680456033,
    "bleu3": 0.11753040261138403,
    "bleu4": 0.08294569730122156
  },
  "rouge_l_f1": 0.0,
  "bleurt_score": 0.0,
  "total_samples": 550
}