{
  "exact_match": 0.008985879332477536,
  "f1_score": 0.26622375064418563,
  "precision": 0.27556643834223504,
  "recall": 0.2710243866527128,
  "bleu_scores": {
    "bleu1": 0.31929327408170716,
    "bleu2": 0.17580925374012282,
    "bleu3": 0.11278175062244294,
    "bleu4": 0.07738093457640417
  },
  "rouge_l_f1": 0.0,
  "bleurt_score": 0.0,
  "total_samples": 2337
}