{
  "exact_match": 0.0,
  "f1_score": 0.15766512875045405,
  "precision": 0.16609645952921312,
  "recall": 0.1651989388512474,
  "bleu_scores": {
    "bleu1": 0.21971971971971974,
    "bleu2": 0.09402110161170642,
    "bleu3": 0.05359580365173231,
    "bleu4": 0.033695432193011354
  },
  "rouge_l_f1": 0.15828088396832238,
  "bleurt_score": 0.0,
  "total_samples": 109
}