{
  "exact_match": 0.0,
  "f1_score": 0.13233316968595502,
  "precision": 0.1400373837044657,
  "recall": 0.13799434667718866,
  "bleu_scores": {
    "bleu1": 0.20802741067058247,
    "bleu2": 0.07406570053652875,
    "bleu3": 0.03304082497039119,
    "bleu4": 0.014312868839441493
  },
  "rouge_l_f1": 0.13898786413681122,
  "bleurt_score": 0.0,
  "total_samples": 109
}