{
  "exact_match": 0.07430997876857749,
  "f1_score": 0.37065609093256335,
  "precision": 0.3807648849361695,
  "recall": 0.37276936179530246,
  "bleu_scores": {
    "bleu1": 0.40056797230029134,
    "bleu2": 0.2686364877263894,
    "bleu3": 0.19980646949876732,
    "bleu4": 0.15503103640565363
  },
  "rouge_l_f1": 0.0,
  "bleurt_score": 0.0,
  "total_samples": 942
}