{
  "exact_match": 0.07430997876857749,
  "f1_score": 0.36985741004827244,
  "precision": 0.37987644946318405,
  "recall": 0.3720943469118882,
  "bleu_scores": {
    "bleu1": 0.40382768555357385,
    "bleu2": 0.26919781675568044,
    "bleu3": 0.20012617440272681,
    "bleu4": 0.15565742647814734
  },
  "rouge_l_f1": 0.0,
  "bleurt_score": 0.0,
  "total_samples": 942
}