{
  "exact_match": 0.0692167577413479,
  "f1_score": 0.2918811757666372,
  "precision": 0.30390511737210546,
  "recall": 0.29278415832245647,
  "bleu_scores": {
    "bleu1": 0.30463957638044475,
    "bleu2": 0.17093244258106094,
    "bleu3": 0.11488837637693282,
    "bleu4": 0.0830429792644852
  },
  "rouge_l_f1": 0.0,
  "bleurt_score": 0.0,
  "total_samples": 549
}