{
  "exact_match": 0.07006369426751592,
  "f1_score": 0.38912805641700093,
  "precision": 0.3960431072414414,
  "recall": 0.39545043986025025,
  "bleu_scores": {
    "bleu1": 0.41783050847457637,
    "bleu2": 0.28242776385730045,
    "bleu3": 0.21145292181901476,
    "bleu4": 0.1644218806941055
  },
  "rouge_l_f1": 0.39080123442241577,
  "bleurt_score": 0.5567533914592995,
  "total_samples": 942
}