{
  "exact_match": 0.06557377049180328,
  "f1_score": 0.3191730022855499,
  "precision": 0.32959355228697224,
  "recall": 0.32181721980029127,
  "bleu_scores": {
    "bleu1": 0.34330512038633876,
    "bleu2": 0.20657917777519966,
    "bleu3": 0.14428086614628208,
    "bleu4": 0.10624601432786011
  },
  "rouge_l_f1": 0.0,
  "bleurt_score": 0.0,
  "total_samples": 549
}