{
  "exact_match": 0.07430997876857749,
  "f1_score": 0.38076548675880845,
  "precision": 0.39006983435705295,
  "recall": 0.3833309471294642,
  "bleu_scores": {
    "bleu1": 0.41579638503131167,
    "bleu2": 0.27827663396021124,
    "bleu3": 0.20663600933643203,
    "bleu4": 0.16037403810236525
  },
  "rouge_l_f1": 0.3851875000496854,
  "bleurt_score": 0.5541672174148499,
  "total_samples": 942
}