{
  "exact_match": 0.07218683651804671,
  "f1_score": 0.3771990472551691,
  "precision": 0.38546710108069765,
  "recall": 0.3809299676538344,
  "bleu_scores": {
    "bleu1": 0.411881852582992,
    "bleu2": 0.274926695095852,
    "bleu3": 0.2040139045893384,
    "bleu4": 0.15677789062749936
  },
  "rouge_l_f1": 0.37929619449897856,
  "bleurt_score": 0.5495993124356695,
  "total_samples": 942
}