{
  "exact_match": 0.0018181818181818182,
  "f1_score": 0.25926039894003794,
  "precision": 0.2707667581280412,
  "recall": 0.26383393890343415,
  "bleu_scores": {
    "bleu1": 0.32013542744286655,
    "bleu2": 0.17657439588301987,
    "bleu3": 0.11264253977237386,
    "bleu4": 0.07628158826777356
  },
  "rouge_l_f1": 0.26286386524200556,
  "bleurt_score": 0.40184377068823035,
  "total_samples": 550
}