{
  "exact_match": 0.007286755250750107,
  "f1_score": 0.2634116278997675,
  "precision": 0.2746962904452462,
  "recall": 0.26687355159231685,
  "bleu_scores": {
    "bleu1": 0.3122775800711743,
    "bleu2": 0.16972741209853215,
    "bleu3": 0.10795708280831723,
    "bleu4": 0.07312049259469439
  },
  "rouge_l_f1": 0.26199606392587926,
  "bleurt_score": 0.4049082382574543,
  "total_samples": 2333
}