{
  "exact_match": 0.005454545454545455,
  "f1_score": 0.24713654035431235,
  "precision": 0.2561591101693278,
  "recall": 0.25503806956085345,
  "bleu_scores": {
    "bleu1": 0.29659926470588227,
    "bleu2": 0.15548586713037582,
    "bleu3": 0.09427883944752327,
    "bleu4": 0.06153241515517968
  },
  "rouge_l_f1": 0.2423177402835589,
  "bleurt_score": 0.39211701157418166,
  "total_samples": 550
}