{
  "exact_match": 0.0018181818181818182,
  "f1_score": 0.26819228751531415,
  "precision": 0.27753257131805736,
  "recall": 0.27552134295636865,
  "bleu_scores": {
    "bleu1": 0.3075388218964172,
    "bleu2": 0.16713050299540083,
    "bleu3": 0.10367685132927132,
    "bleu4": 0.06890357157250458
  },
  "rouge_l_f1": 0.2749485516510568,
  "bleurt_score": 0.41165391220287845,
  "total_samples": 550
}