{
  "exact_match": 0.007272727272727273,
  "f1_score": 0.24732475794311065,
  "precision": 0.2572430303651717,
  "recall": 0.2558161943937904,
  "bleu_scores": {
    "bleu1": 0.2788647981667548,
    "bleu2": 0.14239680277526295,
    "bleu3": 0.08658446733835554,
    "bleu4": 0.055423230562067306
  },
  "rouge_l_f1": 0.24313525482907272,
  "bleurt_score": 0.38902457909150556,
  "total_samples": 550
}