{
  "exact_match": 0.005454545454545455,
  "f1_score": 0.2635180031711816,
  "precision": 0.27765632798131556,
  "recall": 0.26505985598005166,
  "bleu_scores": {
    "bleu1": 0.3241897604509159,
    "bleu2": 0.1762218361835403,
    "bleu3": 0.11105595961834437,
    "bleu4": 0.07436122655131079
  },
  "rouge_l_f1": 0.2653207383553795,
  "bleurt_score": 0.40733579055829483,
  "total_samples": 550
}