{
  "exact_match": 0.008557980316645272,
  "f1_score": 0.2689649198376934,
  "precision": 0.284098107301876,
  "recall": 0.2687277058019071,
  "bleu_scores": {
    "bleu1": 0.3209386608983696,
    "bleu2": 0.17746724901505165,
    "bleu3": 0.11278155829206636,
    "bleu4": 0.0761897216198027
  },
  "rouge_l_f1": 0.27072384112307024,
  "bleurt_score": 0.4124686018136204,
  "total_samples": 2337
}