{
  "exact_match": 0.0018181818181818182,
  "f1_score": 0.23463499507606023,
  "precision": 0.24092103104885848,
  "recall": 0.24445051422220332,
  "bleu_scores": {
    "bleu1": 0.29157049210599206,
    "bleu2": 0.14427867168834452,
    "bleu3": 0.08449518648263732,
    "bleu4": 0.05309028693233988
  },
  "rouge_l_f1": 0.0,
  "bleurt_score": 0.0,
  "total_samples": 550
}