{
  "exact_match": 0.005454545454545455,
  "f1_score": 0.25344450341258595,
  "precision": 0.2625968430858327,
  "recall": 0.25925682770827013,
  "bleu_scores": {
    "bleu1": 0.30045132172791744,
    "bleu2": 0.15731667783475406,
    "bleu3": 0.09895373630785496,
    "bleu4": 0.06577594500840875
  },
  "rouge_l_f1": 0.0,
  "bleurt_score": 0.0,
  "total_samples": 550
}