{
  "exact_match": 0.009413778348309799,
  "f1_score": 0.2912349264121445,
  "precision": 0.3018213211287829,
  "recall": 0.29551036152245574,
  "bleu_scores": {
    "bleu1": 0.3402707092582567,
    "bleu2": 0.194444642582622,
    "bleu3": 0.12667113369179234,
    "bleu4": 0.08760157667148137
  },
  "rouge_l_f1": 0.0,
  "bleurt_score": 0.0,
  "total_samples": 2337
}