{
  "exact_match": 0.0029850746268656717,
  "f1_score": 0.13800466032621725,
  "precision": 0.16714039338844228,
  "recall": 0.12679537556866557,
  "bleu_scores": {
    "bleu1": 0.1540551658094199,
    "bleu2": 0.05565503485981052,
    "bleu3": 0.0261201351542481,
    "bleu4": 0.01414003108354456
  },
  "rouge_l_f1": 0.13794360986535398,
  "bleurt_score": 0.3089800391338273,
  "total_samples": 2345
}