{
  "exact_match": 0.008483563096500531,
  "f1_score": 0.19329164532061865,
  "precision": 0.19229041248824194,
  "recall": 0.20676805442875282,
  "bleu_scores": {
    "bleu1": 0.22926703924969488,
    "bleu2": 0.10445815285238537,
    "bleu3": 0.06008673164115104,
    "bleu4": 0.03914805855985269
  },
  "rouge_l_f1": 0.19908339436133954,
  "bleurt_score": 0.37012985166189905,
  "total_samples": 943
}