{
  "exact_match": 0.0036363636363636364,
  "f1_score": 0.15244951471411589,
  "precision": 0.15796134423983366,
  "recall": 0.15807963803431357,
  "bleu_scores": {
    "bleu1": 0.20773118184236192,
    "bleu2": 0.07428372153961033,
    "bleu3": 0.03261525077345206,
    "bleu4": 0.016962926100894695
  },
  "rouge_l_f1": 0.0,
  "bleurt_score": 0.0,
  "total_samples": 550
}