{
  "exact_match": 0.005484460694698354,
  "f1_score": 0.2445453658552148,
  "precision": 0.2554091942212483,
  "recall": 0.25005819434128934,
  "bleu_scores": {
    "bleu1": 0.2882687618531563,
    "bleu2": 0.14893940617916324,
    "bleu3": 0.090550925476283,
    "bleu4": 0.05831019641399794
  },
  "rouge_l_f1": 0.0,
  "bleurt_score": 0.0,
  "total_samples": 547
}