{
  "exact_match": 0.007715387912558937,
  "f1_score": 0.2466744966648412,
  "precision": 0.254127065386533,
  "recall": 0.25366862895240067,
  "bleu_scores": {
    "bleu1": 0.29709362584211435,
    "bleu2": 0.15659478848072705,
    "bleu3": 0.09624298031223119,
    "bleu4": 0.06339374985584095
  },
  "rouge_l_f1": 0.0,
  "bleurt_score": 0.0,
  "total_samples": 2333
}