{
  "exact_match": 0.0,
  "f1_score": 0.2198065926909561,
  "precision": 0.2370092722690283,
  "recall": 0.22069731333474604,
  "bleu_scores": {
    "bleu1": 0.2847109871660301,
    "bleu2": 0.14555376773438716,
    "bleu3": 0.08958854206753415,
    "bleu4": 0.05680533906507873
  },
  "rouge_l_f1": 0.0,
  "bleurt_score": 0.0,
  "total_samples": 110
}