{
  "exact_match": 0.007286755250750107,
  "f1_score": 0.24254411534691256,
  "precision": 0.2614013777441488,
  "recall": 0.2378492186279389,
  "bleu_scores": {
    "bleu1": 0.2948015821497438,
    "bleu2": 0.15356373381763302,
    "bleu3": 0.09309590061095564,
    "bleu4": 0.06060880217892617
  },
  "rouge_l_f1": 0.0,
  "bleurt_score": 0.0,
  "total_samples": 2333
}