{
  "exact_match": 0.00909090909090909,
  "f1_score": 0.2171475165413478,
  "precision": 0.22406616572668336,
  "recall": 0.22648132683672095,
  "bleu_scores": {
    "bleu1": 0.2853012048192771,
    "bleu2": 0.13632500123888655,
    "bleu3": 0.08046434556768417,
    "bleu4": 0.05172282018621463
  },
  "rouge_l_f1": 0.0,
  "bleurt_score": 0.0,
  "total_samples": 110
}