{
  "exact_match": 0.006000857265323617,
  "f1_score": 0.2460920516542834,
  "precision": 0.2535007572142782,
  "recall": 0.25320941027852206,
  "bleu_scores": {
    "bleu1": 0.3005840139646144,
    "bleu2": 0.15472659660283594,
    "bleu3": 0.09358659541202469,
    "bleu4": 0.06083529555335574
  },
  "rouge_l_f1": 0.0,
  "bleurt_score": 0.0,
  "total_samples": 2333
}