{
  "exact_match": 0.006858122588941277,
  "f1_score": 0.2422156544655074,
  "precision": 0.252759132940115,
  "recall": 0.2470859937198847,
  "bleu_scores": {
    "bleu1": 0.29170509877946765,
    "bleu2": 0.15137912711718776,
    "bleu3": 0.0930087710677734,
    "bleu4": 0.06107621198715205
  },
  "rouge_l_f1": 0.0,
  "bleurt_score": 0.0,
  "total_samples": 2333
}