{
  "exact_match": 0.0036363636363636364,
  "f1_score": 0.2547887930880633,
  "precision": 0.2628645788375633,
  "recall": 0.2632239196396405,
  "bleu_scores": {
    "bleu1": 0.2985279327054951,
    "bleu2": 0.1537968138849604,
    "bleu3": 0.09450316943273579,
    "bleu4": 0.0623138381953125
  },
  "rouge_l_f1": 0.0,
  "bleurt_score": 0.0,
  "total_samples": 550
}