{
  "exact_match": 0.0,
  "f1_score": 0.05558622023328081,
  "precision": 0.06902689729607596,
  "recall": 0.057257102047204175,
  "bleu_scores": {
    "bleu1": 0.1137295659012621,
    "bleu2": 0.022868227572573164,
    "bleu3": 0.00986609765260526,
    "bleu4": 0.005523223653485302
  },
  "rouge_l_f1": 0.06298884561353663,
  "bleurt_score": 0.24715860404722756,
  "total_samples": 942
}