{
  "exact_match": 0.07006369426751592,
  "f1_score": 0.3384848517989073,
  "precision": 0.34685324221192454,
  "recall": 0.3418771297569205,
  "bleu_scores": {
    "bleu1": 0.3683819857678627,
    "bleu2": 0.23250987829207584,
    "bleu3": 0.16835003356179468,
    "bleu4": 0.1280107763484537
  },
  "rouge_l_f1": 0.33642472336153617,
  "bleurt_score": 0.5118991067502529,
  "total_samples": 942
}