{
  "exact_match": 0.0,
  "f1_score": 0.1487810616404011,
  "precision": 0.17578882609198998,
  "recall": 0.1377755713717392,
  "bleu_scores": {
    "bleu1": 0.17428506197120278,
    "bleu2": 0.06305688213699236,
    "bleu3": 0.030340031275065647,
    "bleu4": 0.017026998021891473
  },
  "rouge_l_f1": 0.14872822306878392,
  "bleurt_score": 0.33073313015428457,
  "total_samples": 550
}