{
  "exact_match": 0.07112526539278131,
  "f1_score": 0.38536350080289455,
  "precision": 0.39193095414012147,
  "recall": 0.3919937099431548,
  "bleu_scores": {
    "bleu1": 0.41253351206434324,
    "bleu2": 0.2789729943161348,
    "bleu3": 0.20921931629431018,
    "bleu4": 0.1629368350712969
  },
  "rouge_l_f1": 0.38779356757839245,
  "bleurt_score": 0.5546227952825289,
  "total_samples": 942
}