{
  "exact_match": 0.058287795992714025,
  "f1_score": 0.283652826500815,
  "precision": 0.2992507321547518,
  "recall": 0.28066657689428953,
  "bleu_scores": {
    "bleu1": 0.29988706666847587,
    "bleu2": 0.16613781353312837,
    "bleu3": 0.10982792452513199,
    "bleu4": 0.07861723810483785
  },
  "rouge_l_f1": 0.0,
  "bleurt_score": 0.0,
  "total_samples": 549
}