{
  "exact_match": 0.0,
  "f1_score": 0.2193088090565465,
  "precision": 0.2277801435532085,
  "recall": 0.22563839087055867,
  "bleu_scores": {
    "bleu1": 0.28361858190709044,
    "bleu2": 0.14477543371760587,
    "bleu3": 0.08832684345843483,
    "bleu4": 0.05736601523251528
  },
  "rouge_l_f1": 0.0,
  "bleurt_score": 0.0,
  "total_samples": 110
}