{
  "exact_match": 0.0036363636363636364,
  "f1_score": 0.24455717214642736,
  "precision": 0.2656914322482902,
  "recall": 0.2392427009713762,
  "bleu_scores": {
    "bleu1": 0.2953825157018649,
    "bleu2": 0.15520457078620298,
    "bleu3": 0.09759134641041817,
    "bleu4": 0.06471182332239951
  },
  "rouge_l_f1": 0.0,
  "bleurt_score": 0.0,
  "total_samples": 550
}